(QAA) [bmeluch@n278 QAA]$ cutadapt -a AGATCGGAAGAG -A AGATCGGAAGAG -o /projects/bgmp/bmeluch/bioinfo/Bi623/QAA/part2/cutadapt_14_3B_control_S10_L008_R1_001.fastq.gz -p /projects/bgmp/bmeluch/bioinfo/Bi623/QAA/part2/cutadapt_14_3B_control_S10_L008_R2_001.fastq.gz /projects/bgmp/shared/2017_sequencing/demultiplexed/14_3B_control_S10_L008_R1_001.fastq.gz /projects/bgmp/shared/2017_sequencing/demultiplexed/14_3B_control_S10_L008_R2_001.fastq.gz
This is cutadapt 4.1 with Python 3.10.5
Command line parameters: -a AGATCGGAAGAG -A AGATCGGAAGAG -o /projects/bgmp/bmeluch/bioinfo/Bi623/QAA/part2/cutadapt_14_3B_control_S10_L008_R1_001.fastq.gz -p /projects/bgmp/bmeluch/bioinfo/Bi623/QAA/part2/cutadapt_14_3B_control_S10_L008_R2_001.fastq.gz /projects/bgmp/shared/2017_sequencing/demultiplexed/14_3B_control_S10_L008_R1_001.fastq.gz /projects/bgmp/shared/2017_sequencing/demultiplexed/14_3B_control_S10_L008_R2_001.fastq.gz
Processing paired-end reads on 1 core ...
Done           00:01:54     4,440,378 reads @  25.8 µs/read;   2.32 M reads/minute
Finished in 114.67 s (26 µs/read; 2.32 M reads/minute).

=== Summary ===

Total read pairs processed:          4,440,378
  Read 1 with adapter:                 265,268 (6.0%)
  Read 2 with adapter:                 302,372 (6.8%)
Pairs written (passing filters):     4,440,378 (100.0%)

Total basepairs processed:   896,956,356 bp
  Read 1:   448,478,178 bp
  Read 2:   448,478,178 bp
Total written (filtered):    888,522,953 bp (99.1%)
  Read 1:   444,387,187 bp
  Read 2:   444,135,766 bp

=== First read: Adapter 1 ===

Sequence: AGATCGGAAGAG; Type: regular 3'; Length: 12; Trimmed: 265268 times

Minimum overlap: 3
No. of allowed errors:
1-9 bp: 0; 10-12 bp: 1

Bases preceding removed adapters:
  A: 16.4%
  C: 27.9%
  G: 39.3%
  T: 14.7%
  none/other: 1.7%

Overview of removed sequences
length  count   expect  max.err error counts
3       84959   69380.9 0       84959
4       22866   17345.2 0       22866
5       10369   4336.3  0       10369
6       6817    1084.1  0       6817
7       6318    271.0   0       6318
8       6191    67.8    0       6191
9       6024    16.9    0       5939 85
10      5730    4.2     1       5498 232
11      5537    1.1     1       5338 199
12      5396    0.3     1       5237 159
13      5091    0.3     1       4948 143
14      4821    0.3     1       4650 171
15      4764    0.3     1       4623 141
16      4693    0.3     1       4551 142
17      4524    0.3     1       4397 127
18      4198    0.3     1       4089 109
19      4060    0.3     1       3940 120
20      3825    0.3     1       3720 105
21      3668    0.3     1       3569 99
22      3503    0.3     1       3412 91
23      3331    0.3     1       3210 121
24      3335    0.3     1       3205 130
25      3190    0.3     1       3092 98
26      2891    0.3     1       2794 97
27      2760    0.3     1       2666 94
28      2689    0.3     1       2618 71
29      2370    0.3     1       2294 76
30      2305    0.3     1       2238 67
31      2202    0.3     1       2138 64
32      2027    0.3     1       1979 48
33      2063    0.3     1       1994 69
34      1834    0.3     1       1795 39
35      1685    0.3     1       1633 52
36      1696    0.3     1       1629 67
37      1539    0.3     1       1495 44
38      1444    0.3     1       1390 54
39      1393    0.3     1       1348 45
40      1248    0.3     1       1202 46
41      1177    0.3     1       1149 28
42      1079    0.3     1       1046 33
43      1013    0.3     1       984 29
44      937     0.3     1       905 32
45      891     0.3     1       854 37
46      807     0.3     1       787 20
47      752     0.3     1       726 26
48      739     0.3     1       717 22
49      777     0.3     1       681 96
50      670     0.3     1       638 32
51      626     0.3     1       582 44
52      589     0.3     1       563 26
53      538     0.3     1       514 24
54      470     0.3     1       452 18
55      452     0.3     1       426 26
56      412     0.3     1       386 26
57      400     0.3     1       375 25
58      396     0.3     1       370 26
59      411     0.3     1       381 30
60      369     0.3     1       346 23
61      379     0.3     1       356 23
62      304     0.3     1       281 23
63      284     0.3     1       264 20
64      274     0.3     1       250 24
65      308     0.3     1       252 56
66      214     0.3     1       195 19
67      230     0.3     1       213 17
68      210     0.3     1       192 18
69      198     0.3     1       177 21
70      189     0.3     1       167 22
71      173     0.3     1       150 23
72      151     0.3     1       131 20
73      140     0.3     1       117 23
74      108     0.3     1       93 15
75      62      0.3     1       51 11
76      58      0.3     1       45 13
77      40      0.3     1       30 10
78      52      0.3     1       35 17
79      45      0.3     1       31 14
80      43      0.3     1       18 25
81      27      0.3     1       8 19
82      28      0.3     1       7 21
83      27      0.3     1       11 16
84      33      0.3     1       9 24
85      27      0.3     1       11 16
86      20      0.3     1       9 11
87      36      0.3     1       21 15
88      25      0.3     1       10 15
89      18      0.3     1       10 8
90      14      0.3     1       6 8
91      19      0.3     1       7 12
92      14      0.3     1       1 13
93      16      0.3     1       4 12
94      14      0.3     1       6 8
95      21      0.3     1       1 20
96      24      0.3     1       9 15
97      10      0.3     1       6 4
98      22      0.3     1       8 14
99      23      0.3     1       5 18
100     9       0.3     1       0 9
101     4518    0.3     1       4 4514


=== Second read: Adapter 2 ===

Sequence: AGATCGGAAGAG; Type: regular 3'; Length: 12; Trimmed: 302372 times

Minimum overlap: 3
No. of allowed errors:
1-9 bp: 0; 10-12 bp: 1

Bases preceding removed adapters:
  A: 19.0%
  C: 27.7%
  G: 42.8%
  T: 9.0%
  none/other: 1.5%

Overview of removed sequences
length  count   expect  max.err error counts
3       112816  69380.9 0       112816
4       27195   17345.2 0       27195
5       11420   4336.3  0       11420
6       7423    1084.1  0       7423
7       6392    271.0   0       6392
8       6254    67.8    0       6254
9       6155    16.9    0       6002 153
10      5848    4.2     1       5552 296
11      5646    1.1     1       5442 204
12      5472    0.3     1       5343 129
13      5157    0.3     1       5015 142
14      4884    0.3     1       4755 129
15      4840    0.3     1       4727 113
16      4750    0.3     1       4635 115
17      4581    0.3     1       4463 118
18      4260    0.3     1       4129 131
19      4091    0.3     1       4000 91
20      3859    0.3     1       3755 104
21      3695    0.3     1       3614 81
22      3578    0.3     1       3459 119
23      3363    0.3     1       3255 108
24      3340    0.3     1       3242 98
25      3215    0.3     1       3133 82
26      2901    0.3     1       2808 93
27      2782    0.3     1       2691 91
28      2731    0.3     1       2641 90
29      2391    0.3     1       2311 80
30      2333    0.3     1       2255 78
31      2217    0.3     1       2152 65
32      2059    0.3     1       1995 64
33      2102    0.3     1       2036 66
34      1867    0.3     1       1808 59
35      1737    0.3     1       1675 62
36      1730    0.3     1       1648 82
37      1560    0.3     1       1504 56
38      1488    0.3     1       1417 71
39      1422    0.3     1       1372 50
40      1302    0.3     1       1223 79
41      1222    0.3     1       1165 57
42      1114    0.3     1       1051 63
43      1058    0.3     1       997 61
44      974     0.3     1       917 57
45      935     0.3     1       875 60
46      848     0.3     1       795 53
47      793     0.3     1       738 55
48      778     0.3     1       720 58
49      747     0.3     1       695 52
50      686     0.3     1       645 41
51      661     0.3     1       600 61
52      633     0.3     1       578 55
53      565     0.3     1       520 45
54      502     0.3     1       452 50
55      468     0.3     1       430 38
56      447     0.3     1       401 46
57      421     0.3     1       380 41
58      435     0.3     1       379 56
59      431     0.3     1       386 45
60      394     0.3     1       350 44
61      442     0.3     1       371 71
62      332     0.3     1       294 38
63      312     0.3     1       271 41
64      291     0.3     1       259 32
65      308     0.3     1       263 45
66      241     0.3     1       204 37
67      253     0.3     1       217 36
68      250     0.3     1       198 52
69      224     0.3     1       189 35
70      213     0.3     1       173 40
71      205     0.3     1       163 42
72      163     0.3     1       139 24
73      177     0.3     1       126 51
74      133     0.3     1       95 38
75      116     0.3     1       58 58
76      86      0.3     1       53 33
77      74      0.3     1       33 41
78      84      0.3     1       37 47
79      56      0.3     1       31 25
80      60      0.3     1       19 41
81      57      0.3     1       10 47
82      57      0.3     1       7 50
83      45      0.3     1       11 34
84      42      0.3     1       9 33
85      51      0.3     1       11 40
86      42      0.3     1       11 31
87      61      0.3     1       25 36
88      43      0.3     1       9 34
89      40      0.3     1       12 28
90      28      0.3     1       5 23
91      48      0.3     1       6 42
92      41      0.3     1       1 40
93      44      0.3     1       4 40
94      20      0.3     1       4 16
95      11      0.3     1       0 11
96      35      0.3     1       8 27
97      21      0.3     1       5 16
98      96      0.3     1       7 89
99      33      0.3     1       3 30
100     18      0.3     1       0 18
101     4551    0.3     1       1 4550