(QAA) [bmeluch@n278 QAA]$ cutadapt -a AGATCGGAAGAG -A AGATCGGAAGAG -o /projects/bgmp/bmeluch/bioinfo/Bi623/QAA/part2/cutadapt_8_2F_fox_S7_L008_R1_001.fastq.gz -p /projects/bgmp/bmeluch/bioinfo/Bi623/QAA/part2/cutadapt_8_2F_fox_S7_L008_R2_001.fastq.gz /projects/bgmp/shared/2017_sequencing/demultiplexed/8_2F_fox_S7_L008_R1_001.fastq.gz /projects/bgmp/shared/2017_sequencing/demultiplexed/8_2F_fox_S7_L008_R2_001.fastq.gz
This is cutadapt 4.1 with Python 3.10.5
Command line parameters: -a AGATCGGAAGAG -A AGATCGGAAGAG -o /projects/bgmp/bmeluch/bioinfo/Bi623/QAA/part2/cutadapt_8_2F_fox_S7_L008_R1_001.fastq.gz -p /projects/bgmp/bmeluch/bioinfo/Bi623/QAA/part2/cutadapt_8_2F_fox_S7_L008_R2_001.fastq.gz /projects/bgmp/shared/2017_sequencing/demultiplexed/8_2F_fox_S7_L008_R1_001.fastq.gz /projects/bgmp/shared/2017_sequencing/demultiplexed/8_2F_fox_S7_L008_R2_001.fastq.gz
Processing paired-end reads on 1 core ...
Done           00:15:47    36,482,601 reads @  26.0 µs/read;   2.31 M reads/minute
Finished in 947.11 s (26 µs/read; 2.31 M reads/minute).

=== Summary ===

Total read pairs processed:         36,482,601
  Read 1 with adapter:               2,156,351 (5.9%)
  Read 2 with adapter:               2,426,159 (6.7%)
Pairs written (passing filters):    36,482,601 (100.0%)

Total basepairs processed: 7,369,485,402 bp
  Read 1: 3,684,742,701 bp
  Read 2: 3,684,742,701 bp
Total written (filtered):  7,312,922,197 bp (99.2%)
  Read 1: 3,657,453,849 bp
  Read 2: 3,655,468,348 bp

=== First read: Adapter 1 ===

Sequence: AGATCGGAAGAG; Type: regular 3'; Length: 12; Trimmed: 2156351 times

Minimum overlap: 3
No. of allowed errors:
1-9 bp: 0; 10-12 bp: 1

Bases preceding removed adapters:
  A: 16.3%
  C: 28.7%
  G: 38.6%
  T: 16.1%
  none/other: 0.3%

Overview of removed sequences
length  count   expect  max.err error counts
3       721831  570040.6        0       721831
4       200718  142510.2        0       200718
5       96432   35627.5 0       96432
6       64526   8906.9  0       64526
7       60912   2226.7  0       60912
8       57240   556.7   0       57240
9       55989   139.2   0       55140 849
10      55326   34.8    1       53437 1889
11      50872   8.7     1       49284 1588
12      48079   2.2     1       46650 1429
13      46263   2.2     1       44988 1275
14      43787   2.2     1       42454 1333
15      41827   2.2     1       40626 1201
16      39855   2.2     1       38790 1065
17      37304   2.2     1       36300 1004
18      35077   2.2     1       34190 887
19      33094   2.2     1       32354 740
20      30881   2.2     1       30103 778
21      29478   2.2     1       28752 726
22      27616   2.2     1       26882 734
23      25698   2.2     1       24963 735
24      24425   2.2     1       23679 746
25      22829   2.2     1       22131 698
26      21008   2.2     1       20418 590
27      19342   2.2     1       18839 503
28      18546   2.2     1       18067 479
29      16947   2.2     1       16416 531
30      15642   2.2     1       15229 413
31      14455   2.2     1       14021 434
32      13216   2.2     1       12850 366
33      12448   2.2     1       12057 391
34      11500   2.2     1       11154 346
35      10560   2.2     1       10277 283
36      10041   2.2     1       9691 350
37      9347    2.2     1       9084 263
38      8786    2.2     1       8481 305
39      8212    2.2     1       7943 269
40      7538    2.2     1       7262 276
41      6841    2.2     1       6633 208
42      6367    2.2     1       6148 219
43      5888    2.2     1       5655 233
44      5429    2.2     1       5248 181
45      5175    2.2     1       4950 225
46      4735    2.2     1       4560 175
47      4522    2.2     1       4323 199
48      4329    2.2     1       4090 239
49      4422    2.2     1       3808 614
50      3794    2.2     1       3599 195
51      3688    2.2     1       3441 247
52      3389    2.2     1       3193 196
53      3085    2.2     1       2884 201
54      2767    2.2     1       2622 145
55      2608    2.2     1       2413 195
56      2381    2.2     1       2214 167
57      2301    2.2     1       2122 179
58      2310    2.2     1       2137 173
59      2133    2.2     1       1977 156
60      2137    2.2     1       1952 185
61      2047    2.2     1       1861 186
62      1841    2.2     1       1686 155
63      1633    2.2     1       1491 142
64      1698    2.2     1       1490 208
65      1633    2.2     1       1314 319
66      1314    2.2     1       1201 113
67      1269    2.2     1       1163 106
68      1178    2.2     1       1064 114
69      1109    2.2     1       977 132
70      1142    2.2     1       1007 135
71      916     2.2     1       810 106
72      851     2.2     1       735 116
73      786     2.2     1       645 141
74      590     2.2     1       456 134
75      492     2.2     1       344 148
76      393     2.2     1       301 92
77      338     2.2     1       238 100
78      292     2.2     1       200 92
79      299     2.2     1       179 120
80      219     2.2     1       82 137
81      183     2.2     1       92 91
82      176     2.2     1       59 117
83      189     2.2     1       101 88
84      209     2.2     1       58 151
85      167     2.2     1       79 88
86      142     2.2     1       58 84
87      182     2.2     1       58 124
88      117     2.2     1       43 74
89      128     2.2     1       67 61
90      111     2.2     1       45 66
91      126     2.2     1       36 90
92      155     2.2     1       24 131
93      132     2.2     1       24 108
94      122     2.2     1       24 98
95      114     2.2     1       20 94
96      182     2.2     1       43 139
97      112     2.2     1       30 82
98      191     2.2     1       32 159
99      90      2.2     1       11 79
100     63      2.2     1       8 55
101     7472    2.2     1       24 7448


=== Second read: Adapter 2 ===

Sequence: AGATCGGAAGAG; Type: regular 3'; Length: 12; Trimmed: 2426159 times

Minimum overlap: 3
No. of allowed errors:
1-9 bp: 0; 10-12 bp: 1

Bases preceding removed adapters:
  A: 18.1%
  C: 29.3%
  G: 42.8%
  T: 9.4%
  none/other: 0.3%

Overview of removed sequences
length  count   expect  max.err error counts
3       920952  570040.6        0       920952
4       233217  142510.2        0       233217
5       103401  35627.5 0       103401
6       68522   8906.9  0       68522
7       61785   2226.7  0       61785
8       57688   556.7   0       57688
9       56870   139.2   0       55612 1258
10      56303   34.8    1       53964 2339
11      51616   8.7     1       49897 1719
12      48633   2.2     1       47324 1309
13      46643   2.2     1       45489 1154
14      44201   2.2     1       43200 1001
15      42238   2.2     1       41242 996
16      40328   2.2     1       39329 999
17      37693   2.2     1       36769 924
18      35529   2.2     1       34462 1067
19      33530   2.2     1       32759 771
20      31228   2.2     1       30410 818
21      29730   2.2     1       28990 740
22      28050   2.2     1       27145 905
23      26012   2.2     1       25224 788
24      24610   2.2     1       23886 724
25      23014   2.2     1       22358 656
26      21188   2.2     1       20530 658
27      19607   2.2     1       18944 663
28      18889   2.2     1       18251 638
29      17112   2.2     1       16596 516
30      15993   2.2     1       15409 584
31      14701   2.2     1       14214 487
32      13484   2.2     1       13021 463
33      12747   2.2     1       12255 492
34      11761   2.2     1       11309 452
35      10866   2.2     1       10380 486
36      10359   2.2     1       9823 536
37      9625    2.2     1       9248 377
38      9117    2.2     1       8663 454
39      8493    2.2     1       8093 400
40      7911    2.2     1       7436 475
41      7131    2.2     1       6805 326
42      6726    2.2     1       6285 441
43      6160    2.2     1       5794 366
44      5768    2.2     1       5362 406
45      5453    2.2     1       5072 381
46      5073    2.2     1       4726 347
47      4919    2.2     1       4442 477
48      4553    2.2     1       4183 370
49      4246    2.2     1       3872 374
50      4091    2.2     1       3699 392
51      4096    2.2     1       3576 520
52      3761    2.2     1       3289 472
53      3316    2.2     1       2993 323
54      3070    2.2     1       2730 340
55      2811    2.2     1       2508 303
56      2644    2.2     1       2327 317
57      2545    2.2     1       2208 337
58      2573    2.2     1       2251 322
59      2382    2.2     1       2075 307
60      2394    2.2     1       2074 320
61      2589    2.2     1       1969 620
62      2022    2.2     1       1757 265
63      1884    2.2     1       1600 284
64      1798    2.2     1       1587 211
65      1743    2.2     1       1421 322
66      1645    2.2     1       1293 352
67      1561    2.2     1       1252 309
68      1551    2.2     1       1163 388
69      1375    2.2     1       1064 311
70      1328    2.2     1       1071 257
71      1184    2.2     1       881 303
72      1080    2.2     1       807 273
73      1089    2.2     1       706 383
74      755     2.2     1       494 261
75      756     2.2     1       394 362
76      618     2.2     1       360 258
77      521     2.2     1       275 246
78      584     2.2     1       241 343
79      439     2.2     1       203 236
80      416     2.2     1       104 312
81      502     2.2     1       103 399
82      465     2.2     1       80 385
83      368     2.2     1       105 263
84      335     2.2     1       66 269
85      373     2.2     1       79 294
86      278     2.2     1       62 216
87      291     2.2     1       58 233
88      244     2.2     1       43 201
89      310     2.2     1       70 240
90      241     2.2     1       34 207
91      289     2.2     1       35 254
92      326     2.2     1       20 306
93      373     2.2     1       18 355
94      196     2.2     1       19 177
95      128     2.2     1       13 115
96      335     2.2     1       29 306
97      172     2.2     1       26 146
98      690     2.2     1       23 667
99      258     2.2     1       9 249
100     161     2.2     1       2 159
101     7528    2.2     1       13 7515